819
830
767
845
822
827
807
752
843
821
828
820
836
808
784
836
815
774
823
782
820
827
856
861
796
772
832
784
783
797
798
796
818
791
811
881
801
845
819
814
813
818
822
816
805
821
798
794
792
813
839
762
827
841
820
787
839
807
841
758
757
778
802
787
778
808
823
830
832
812
810
854
803
812
780
823
818
795
773
832
785
789
822
818
765
767
826
762
793
794
809
809
842
867
815
798
776
830
817
814
817
839
797
799
843
839
818
771
840
820
859
833
803
840
821
840
825
814
821
808
860
795
782
831
840
834
789
839